[Planets]
planet1="1,12893,7,-1,4,53,1,0,0,0,0"
planet2="2,20664,11,-1,14,24,5,0,0,0,0"
planet3="3,5402,3,2,0,2,9,0,0,0,0"
planet4="4,186,0,-1,3,6,6,1,0,0,0"
planet5="5,17909,9,-1,28,29,3,0,0,0,0"
planet6="6,17100,9,-1,15,0,3,0,0,0,0"
planet7="7,11096,6,-1,4,56,12,0,0,1,0"
planet8="8,14493,8,7,1,33,2,0,0,0,0"
planet9="9,6212,3,-1,13,32,9,0,0,1,0"
planet10="10,11397,6,-1,9,57,12,0,0,1,0"
planet11="11,7565,4,-1,6,5,10,0,0,1,0"
planet12="12,11317,6,-1,8,37,12,0,0,1,0"
planet13="13,517,0,-1,8,37,6,0,0,1,0"
planet14="14,8362,4,-1,19,22,10,0,0,0,0"
planet15="15,19162,10,-1,19,22,4,0,0,0,0"
[Houses]
house1=11677
house2=12893
house3=14772
house4=16964
house5=19162
house6=21011
house7=877
house8=2093
house9=3972
house10=6164
house11=8362
house12=10211
[Aspects]
aspect1="2,1,0,2"
aspect2="2,5,0,5"
aspect3="5,4,0,2"
aspect4="5,14,0,4"
aspect5="11,13,0,3"
aspect6="14,8,0,3"
aspect7="14,10,0,3"
[OtherPlanets]
planet1="1,12296,6,-1,24,56,12,0,0,0,0"
planet2="2,20532,11,-1,12,12,4,0,0,0,0"
planet3="3,2633,1,-1,13,53,7,0,0,0,0"
planet4="4,19872,11,10,1,12,4,0,0,1,0"
planet5="5,17774,9,-1,26,14,3,0,0,0,0"
planet6="6,20980,11,-1,19,40,5,1,0,0,0"
planet7="7,3574,1,2,29,34,7,0,0,0,0"
planet8="8,19661,10,-1,27,41,4,0,0,0,0"
planet9="9,8552,4,-1,22,32,10,0,0,1,0"
planet10="10,12459,6,-1,27,39,12,0,0,1,0"
planet11="11,8545,4,-1,22,25,10,0,0,1,0"
planet12="12,2033,1,-1,3,53,6,0,0,1,0"
planet13="13,12833,7,-1,3,53,12,0,0,1,0"
planet14="14,7355,4,3,2,35,9,0,0,0,0"
planet15="15,18155,10,9,2,35,3,0,0,0,0"
[OtherHouses]
house1=10925
house2=12296
house3=14080
house4=16072
house5=18155
house6=20090
house7=125
house8=1496
house9=3280
house10=5272
house11=7355
house12=9290
[OtherAspects]
aspect1="2,1,0,2"
aspect2="5,4,0,2"
aspect3="6,1,0,5"
aspect4="9,13,0,3"
aspect5="11,13,0,3"
aspect6="14,10,0,3"
aspect7="15,4,0,4"
