[Planets]
planet1="1,12893,7,-1,4,53,1,1,0,0,0"
planet2="2,20664,11,-1,14,24,4,0,0,0,0"
planet3="3,5402,3,2,0,2,8,0,0,0,0"
planet4="4,186,0,-1,3,6,5,0,0,0,0"
planet5="5,17909,9,-1,28,29,3,0,0,0,0"
planet6="6,17100,9,-1,15,0,3,0,0,0,0"
planet7="7,11096,6,-1,4,56,11,0,0,1,0"
planet8="8,14493,8,7,1,33,1,0,0,0,0"
planet9="9,6212,3,-1,13,32,9,1,0,1,0"
planet10="10,11397,6,-1,9,57,11,0,0,1,0"
planet11="11,7565,4,-1,6,5,9,0,0,1,0"
planet12="12,11317,6,-1,8,37,11,0,0,1,0"
planet13="13,517,0,-1,8,37,5,0,0,1,0"
planet14="14,8362,4,-1,19,22,10,1,0,0,0"
planet15="15,19162,10,-1,19,22,4,1,0,0,0"
[Houses]
house1=11677
house2=12893
house3=14772
house4=16964
house5=19162
house6=21011
house7=877
house8=2093
house9=3972
house10=6164
house11=8362
house12=10211
[Aspects]
[OtherHouses]
house1=11227
house2=12477
house3=14296
house4=16415
house5=18599
house6=20502
house7=427
house8=1677
house9=3496
house10=5615
house11=7799
house12=9702
[OtherPlanets]
planet1="1,12477,6,-1,27,57,12,0,0,0,0"
planet2="2,20664,11,-1,14,24,4,0,0,0,0"
planet3="3,5402,3,2,0,2,8,0,0,0,0"
planet4="4,186,0,-1,3,6,5,0,0,0,0"
planet5="5,17909,9,-1,28,29,3,0,0,0,0"
planet6="6,17100,9,-1,15,0,3,0,0,0,0"
planet7="7,11096,6,-1,4,56,11,0,0,1,0"
planet8="8,14493,8,7,1,33,1,0,1,0,0"
planet9="9,6212,3,-1,13,32,9,1,0,1,0"
planet10="10,11397,6,-1,9,57,11,0,0,1,0"
planet11="11,7565,4,-1,6,5,9,0,0,1,0"
planet12="12,11317,6,-1,8,37,11,0,0,1,0"
planet13="13,517,0,-1,8,37,5,0,0,1,0"
planet14="14,7799,4,-1,9,59,9,0,0,0,0"
planet15="15,18599,10,-1,9,59,3,0,0,0,0"
[OtherAspects]
aspect1="2,1,0,0"
aspect2="3,2,0,0"
aspect3="4,3,0,0"
aspect4="4,12,0,5"
aspect5="5,4,0,0"
aspect6="6,5,0,0"
aspect7="7,6,0,0"
aspect8="7,11,0,3"
aspect9="8,7,0,0"
aspect10="9,8,0,0"
aspect11="10,9,0,0"
aspect12="10,11,0,1"
aspect13="11,10,0,0"
aspect14="11,13,0,3"
aspect15="12,9,0,1"
aspect16="12,11,0,0"
aspect17="13,12,0,0"
