[Planets]
planet1="1,12893,7,-1,4,53,1,1,0,0,0"
planet2="2,20664,11,-1,14,24,4,0,0,0,0"
planet3="3,5402,3,2,0,2,8,0,0,0,0"
planet4="4,186,0,-1,3,6,5,0,0,0,0"
planet5="5,17909,9,-1,28,29,3,0,0,0,0"
planet6="6,17100,9,-1,15,0,3,0,0,0,0"
planet7="7,11096,6,-1,4,56,11,0,0,1,0"
planet8="8,14493,8,7,1,33,1,0,0,0,0"
planet9="9,6212,3,-1,13,32,9,1,0,1,0"
planet10="10,11397,6,-1,9,57,11,0,0,1,0"
planet11="11,7565,4,-1,6,5,9,0,0,1,0"
planet12="12,11317,6,-1,8,37,11,0,0,1,0"
planet13="13,517,0,-1,8,37,5,0,0,1,0"
planet14="14,8362,4,-1,19,22,10,1,0,0,0"
planet15="15,19162,10,-1,19,22,4,1,0,0,0"
[Houses]
house1=11677
house2=12893
house3=14772
house4=16964
house5=19162
house6=21011
house7=877
house8=2093
house9=3972
house10=6164
house11=8362
house12=10211
[Aspects]
[TransitDates]
date1="9/11/2001"
date2="9/12/2001"
date3="9/13/2001"
date4="9/14/2001"
date5="9/15/2001"
date6="9/16/2001"
date7="9/17/2001"
date8="9/18/2001"
date9="9/19/2001"
date10="9/20/2001"
[TransitPlanets-1]
planet1="1,8638,4,-1,23,58,10,0,0,0,0"
planet2="2,3674,2,1,1,14,7,0,0,0,0"
planet3="3,10163,5,-1,19,23,11,1,0,0,0"
planet4="4,6810,3,-1,23,30,9,0,1,0,0"
planet5="5,14798,8,-1,6,38,2,1,0,0,0"
planet6="6,4611,2,-1,16,51,8,0,0,0,0"
planet7="7,3001,1,-1,20,1,7,0,0,0,0"
planet8="8,17827,9,-1,27,7,3,0,1,1,0"
planet9="9,16897,9,-1,11,37,2,0,1,1,0"
planet10="10,13675,7,-1,17,55,1,0,0,0,0"
[TransitAspects-1]
aspect1="1,13,0,4"
aspect2="5,7,0,5"
aspect3="8,4,0,1"
aspect4="9,5,0,3"
[TransitPlanets-2]
planet1="1,8696,4,-1,24,56,10,0,0,0,0"
planet2="2,4497,2,-1,14,57,8,0,0,0,0"
planet3="3,10236,5,-1,20,36,11,1,0,0,0"
planet4="4,6882,3,-1,24,42,9,0,1,0,0"
planet5="5,14830,8,-1,7,10,2,1,0,0,0"
planet6="6,4619,2,-1,16,59,8,0,0,0,0"
planet7="7,3003,1,-1,20,3,7,0,0,0,0"
planet8="8,17825,9,-1,27,5,3,0,1,1,0"
planet9="9,16896,9,-1,11,36,2,0,1,1,0"
planet10="10,13675,7,-1,17,55,1,0,0,0,0"
[TransitAspects-2]
aspect1="1,13,0,5"
aspect2="5,7,0,5"
aspect3="8,4,0,1"
aspect4="9,5,0,3"
[TransitPlanets-3]
planet1="1,8755,4,-1,25,55,10,0,0,0,0"
planet2="2,5346,2,3,29,6,8,0,0,0,0"
planet3="3,10307,5,-1,21,47,11,0,0,0,0"
planet4="4,6955,3,-1,25,55,9,0,0,0,0"
planet5="5,14862,8,-1,7,42,2,0,1,0,0"
planet6="6,4628,2,-1,17,8,8,0,0,0,0"
planet7="7,3005,1,-1,20,5,7,0,0,0,0"
planet8="8,17823,9,-1,27,3,3,0,0,1,0"
planet9="9,16895,9,-1,11,35,2,0,0,1,0"
planet10="10,13676,7,-1,17,56,1,0,0,0,0"
[TransitAspects-3]
aspect1="1,13,0,6"
aspect2="2,2,0,0"
aspect3="5,7,0,6"
aspect4="8,4,0,1"
aspect5="9,5,0,3"
[TransitPlanets-4]
planet1="1,8813,4,-1,26,53,10,0,0,0,0"
planet2="2,6219,3,-1,13,39,9,1,0,0,0"
planet3="3,10376,5,-1,22,56,11,0,0,0,0"
planet4="4,7028,3,-1,27,8,9,0,0,0,0"
planet5="5,14894,8,-1,8,14,2,0,1,0,0"
planet6="6,4637,2,-1,17,17,8,0,0,0,0"
planet7="7,3006,1,-1,20,6,7,0,0,0,0"
planet8="8,17821,9,-1,27,1,3,0,0,1,0"
planet9="9,16894,9,-1,11,34,2,0,0,1,0"
planet10="10,13677,7,-1,17,57,1,0,0,0,0"
[TransitAspects-4]
aspect1="2,8,0,0"
aspect2="5,7,0,6"
aspect3="8,4,0,1"
aspect4="9,5,0,3"
[TransitPlanets-5]
planet1="1,8872,4,-1,27,52,10,0,0,0,0"
planet2="2,7114,3,-1,28,34,9,0,0,0,0"
planet3="3,10443,5,-1,24,3,11,0,0,0,0"
planet4="4,7100,3,-1,28,20,9,0,0,0,0"
planet5="5,14927,8,-1,8,47,2,0,1,0,0"
planet6="6,4645,2,-1,17,25,8,0,0,0,0"
planet7="7,3007,1,-1,20,7,7,0,0,0,0"
planet8="8,17819,9,-1,26,59,3,0,0,1,0"
planet9="9,16893,9,-1,11,33,2,0,0,1,0"
planet10="10,13677,7,-1,17,57,1,0,0,0,0"
[TransitAspects-5]
aspect1="8,4,0,1"
aspect2="9,5,0,3"
[TransitPlanets-6]
planet1="1,8930,4,-1,28,50,10,0,0,0,0"
planet2="2,8023,4,-1,13,43,9,0,0,0,0"
planet3="3,10509,5,-1,25,9,11,0,0,0,0"
planet4="4,7173,3,4,29,33,9,0,0,0,0"
planet5="5,14960,8,-1,9,20,2,0,1,0,0"
planet6="6,4653,2,-1,17,33,8,0,0,0,0"
planet7="7,3009,1,-1,20,9,7,0,0,0,0"
planet8="8,17817,9,-1,26,57,3,0,0,1,0"
planet9="9,16892,9,-1,11,32,2,0,0,1,0"
planet10="10,13678,7,-1,17,58,1,0,0,0,0"
[TransitAspects-6]
aspect1="2,13,0,5"
aspect2="4,10,0,6"
aspect3="8,4,0,1"
aspect4="9,5,0,3"
[TransitPlanets-7]
planet1="1,8989,4,5,29,49,10,0,0,0,0"
planet2="2,8937,4,-1,28,57,10,0,0,0,0"
planet3="3,10572,5,-1,26,12,11,0,0,0,0"
planet4="4,7246,4,3,0,46,9,0,0,0,0"
planet5="5,14993,8,-1,9,53,2,0,1,0,0"
planet6="6,4661,2,-1,17,41,8,0,0,0,0"
planet7="7,3010,1,-1,20,10,7,0,0,0,0"
planet8="8,17815,9,-1,26,55,3,0,0,1,0"
planet9="9,16891,9,-1,11,31,2,0,0,1,0"
planet10="10,13679,7,-1,17,59,1,0,0,0,0"
[TransitAspects-7]
aspect1="4,10,0,5"
aspect2="8,4,0,1"
aspect3="9,5,0,3"
[TransitPlanets-8]
planet1="1,9047,5,4,0,47,10,0,0,0,0"
planet2="2,9845,5,-1,14,5,10,0,0,0,0"
planet3="3,10632,5,-1,27,12,11,0,0,0,0"
planet4="4,7319,4,3,1,59,9,0,0,0,0"
planet5="5,15026,8,-1,10,26,2,0,1,0,0"
planet6="6,4669,2,-1,17,49,8,0,0,0,0"
planet7="7,3011,1,-1,20,11,7,0,0,0,0"
planet8="8,17813,9,-1,26,53,3,0,0,1,0"
planet9="9,16890,9,-1,11,30,2,0,0,1,0"
planet10="10,13680,7,-1,18,0,1,0,0,0,0"
[TransitAspects-8]
aspect1="4,10,0,4"
aspect2="8,4,0,1"
aspect3="9,5,0,3"
[TransitPlanets-9]
planet1="1,9106,5,4,1,46,10,0,0,0,0"
planet2="2,10736,5,-1,28,56,11,0,0,0,0"
planet3="3,10690,5,-1,28,10,11,0,0,0,0"
planet4="4,7392,4,-1,3,12,9,0,0,0,0"
planet5="5,15060,8,-1,11,0,2,0,1,0,0"
planet6="6,4677,2,-1,17,57,8,0,0,0,0"
planet7="7,3012,1,-1,20,12,7,0,0,0,0"
planet8="8,17811,9,-1,26,51,3,0,0,1,0"
planet9="9,16889,9,-1,11,29,2,0,0,1,0"
planet10="10,13681,7,-1,18,1,1,0,0,0,0"
[TransitAspects-9]
aspect1="2,6,0,6"
aspect2="3,6,0,6"
aspect3="4,10,0,2"
aspect4="8,4,0,1"
aspect5="9,5,0,3"
[TransitPlanets-10]
planet1="1,9165,5,4,2,45,10,0,0,0,0"
planet2="2,11602,6,-1,13,22,11,0,1,0,0"
planet3="3,10745,5,6,29,5,11,0,0,0,0"
planet4="4,7465,4,-1,4,25,9,0,0,0,0"
planet5="5,15094,8,-1,11,34,2,0,1,0,0"
planet6="6,4684,2,-1,18,4,8,0,0,0,0"
planet7="7,3012,1,-1,20,12,7,0,0,0,0"
planet8="8,17810,9,-1,26,50,3,0,0,1,0"
planet9="9,16888,9,-1,11,28,2,0,0,1,0"
planet10="10,13682,7,-1,18,2,1,0,0,0,0"
[TransitAspects-10]
aspect1="2,9,0,3"
aspect2="2,11,0,4"
aspect3="3,6,0,5"
aspect4="4,10,0,1"
aspect5="8,4,0,1"
aspect6="9,5,0,3"
